36 41
35 36
12 71
72 3
6 59
26 5
73 84
19 14
23 79
10 58
53 36
42 43
89 64
43 54
49 26
98 39
94 57
35 56
25 56
70 82
17 66
86 37
22 8
50 64
28 1
0 55
6 29
27 98
98 91
45 47
28 18
52 79
59 85
9 16
49 61
88 65
8 27
41 86
49 4
20 80
14 77
26 48
26 42
32 65
30 35
57 32
10 23
53 98
14 6
77 35
97 33
15 65
11 33
47 78
87 40
49 93
71 63
33 49
90 4
53 16
53 43
85 14
3 56
55 84
72 41
71 42
26 84
82 79
62 59
36 92
94 53
76 88
84 62
60 45
89 4
7 9
52 60
81 54
47 0
61 54
76 61
5 45
67 7
67 86
80 52
85 31
67 60
21 98
65 95
28 39
95 10
94 68
34 62
88 65
3 27
31 61
96 80
15 32
47 31
21 77
94 73
63 36
17 74
41 91
38 81
87 51
71 21
58 66
66 36
11 5
17 1
82 53
21 24
33 85
44 87
51 34
74 50
44 22
45 57
50 58
20 96
26 20
39 79
89 75
22 48
65 11
19 16
59 92
89 10
15 92
41 55
47 50
29 52
76 21
76 35
20 9
84 51
83 20
74 62
13 40
33 57
62 95
22 40
14 58
89 50
32 35
42 57
17 64
48 75
90 85
3 67
97 85
27 56
25 67
31 39
18 27
95 73
58 83
91 51
28 88
37 18
31 25
3 84
65 27
34 18
70 98
70 27
37 65
58 75
67 65
14 46
26 49
32 4
38 67
98 33
72 96
46 1
47 84
36 72
81 41
89 97
33 13
67 19
55 68
35 92
24 15
82 62
74 90
90 80
92 98
45 96
27 1
45 72
51 69
78 52
28 85
92 25
74 16
13 12
80 12
48 69
32 5
8 56
14 83
26 56
92 54
78 82
95 91
69 32
66 94
66 84
89 82
63 38
21 56
86 58
77 77
0 79
49 75
64 22
91 88
58 67
42 21
59 72
6 10
29 82
45 79
45 85
45 62
79 49
40 68
34 56
95 67
78 14
54 98
33 19
26 47
39 77
36 98
42 67
22 89
32 11
27 3
12 96
32 13
34 85
95 15
80 22
54 1
70 74
42 44
18 6
75 9
56 97
40 66
49 45
20 11
26 49
36 22
29 92
54 80
80 40
63 46
23 10
65 17
23 34
27 66
24 77
71 25
34 17
46 14
56 64
63 87
64 83
88 30
85 31
70 77
19 60
62 76
41 29
85 45
31 22
43 14
17 53
85 47
77 10
86 12
45 40
24 16
76 75
80 39
20 35
31 90
63 49
47 63
14 94
83 5
30 0
81 33
21 48
69 11
96 40
52 74
43 57
31 78
36 46
98 65
47 46
25 95
90 51
50 67
6 22
33 82
26 80
81 45
57 89
93 27
5 68
41 78
81 55
46 5
17 67
26 66
94 17
57 83
74 85
41 68
97 2
5 74
7 69
48 61
75 84
20 45
51 70
60 77
4 45
13 35
4 44
49 37
94 66
86 9
23 96
70 71
47 25
29 2
63 66
71 12
7 83
28 31
47 80
14 23
55 78
78 28
71 6
63 52
51 67
78 40
81 39
38 77
14 48
96 26
41 57
14 37
72 1
27 19
16 17
88 14
51 63
52 43
18 41
98 41
61 76
50 94
87 31
30 67
45 49
17 98
82 87
81 97
64 40
55 70
77 43
36 33
77 64
87 17
85 93
59 71
48 55
64 63
7 18
49 41
69 59
73 65
98 89
31 63
81 53
78 76
85 27
62 17
40 16
16 22
42 12
80 51
89 45
49 26
22 17
89 46
90 13
0 18
69 69
33 87
32 24
35 31
15 81
84 21
92 46
23 89
1 26
98 56
77 21
74 53
40 4
40 63
63 31
85 72
26 43
47 69
81 28
88 17
76 48
36 8
60 27
32 74
93 0
44 63
13 43
39 47
93 79
46 28
83 70
67 82
94 11
93 48
98 52
7 71
36 81
79 29
84 66
91 12
70 64
69 63
85 22
58 82
4 98
74 2
80 60
33 6
79 52
12 48
33 83
74 40
91 72
27 31
62 10
61 27
86 34
56 18
0 4
95 72
51 10
44 0
76 5
89 74
47 73
48 31
53 42
78 86
88 29
70 13
93 27
19 92
36 47
14 46
3 14
5 74
56 39
96 22
38 74
62 85
81 51
82 88
60 30
72 44
55 69
28 69
32 81
77 24
90 50
63 29
89 43
71 32
67 72
74 14
45 55
47 14
66 83
31 42
43 30
32 6
73 69
90 33
85 35
41 73
60 71
31 87
11 33
95 38
79 49
21 86
54 58
97 98
22 14
3 48
50 35
80 60
18 56
54 19
51 38
46 32
31 0
52 72
24 59
3 33
87 92
62 92
8 44
50 15
71 91
11 70
31 92
23 25
90 70
68 53
77 75
85 41
3 88
55 54
5 24
73 61
11 69
59 57
71 86
51 72
5 38
47 59
26 74
0 37
75 26
81 53
89 48
54 11
6 21
89 19
87 95
9 46
17 48
59 60
33 65
52 4
18 94
47 38
28 26
14 27
87 18
77 77
42 20
70 61
15 47
50 50
96 32
84 9
29 0
41 77
15 39
3 10
73 77
35 93
0 15
82 79
7 61
30 69
17 30
4 96
76 96
45 84
14 1
6 84
10 38
9 27
83 35
12 48
14 67
4 64
84 76
61 98
64 70
43 34
1 15
90 97
95 44
1 17
92 18
94 71
70 49
83 61
5 54
95 70
49 80
54 49
26 39
12 0
35 45
20 43
57 70
82 94
46 10
31 38
34 94
55 95
71 31
92 35
91 0
92 9
74 72
84 20
59 41
71 56
32 0
80 46
97 51
14 98
65 87
14 94
23 56
35 54
25 58
76 93
45 76
7 35
51 10
67 84
85 62
35 4
37 73
6 34
13 8
97 20
17 92
69 3
84 97
84 17
36 30
93 0
63 77
11 55
91 45
94 86
82 28
13 2
52 10
56 48
50 1
41 17
60 56
75 51
7 4
50 53
25 50
48 54
68 34
39 59
62 50
41 66
12 10
37 87
79 66
49 74
41 35
66 34
88 75
39 7
2 58
48 87
94 41
61 32
79 57
32 18
69 96
85 0
59 73
4 49
19 86
71 39
53 74
11 88
83 13
65 92
93 32
56 4
2 52
70 70
48 4
8 21
34 31
4 43
49 65
73 14
70 88
87 15
86 8
34 19
29 72
48 66
91 38
24 36
39 81
97 6
3 32
1 14
78 50
4 22
69 66
38 17
38 51
21 4
43 41
16 92
18 50
41 75
55 40
29 94
6 66
4 67
67 67
10 37
87 73
35 35
4 11
48 61
33 31
27 39
16 19
92 96
64 5
86 51
90 25
57 37
21 8
15 2
62 70
48 70
41 83
16 68
5 80
87 7
1 79
41 24
13 88
77 86
73 6
3 62
79 57
46 62
16 97
14 94
95 45
97 62
81 56
97 32
3 23
90 82
16 79
50 10
82 32
23 31
29 28
28 55
66 85
89 82
36 52
52 7
65 91
11 54
80 78
42 56
90 44
82 49
14 19
46 0
7 36
79 82
73 82
65 66
17 41
95 95
65 15
95 49
69 83
17 23
68 94
28 4
89 66
40 83
44 77
40 46
38 89
74 98
72 69
33 82
26 43
37 39
82 45
89 74
48 33
79 30
1 22
31 12
7 75
92 6
42 80
22 38
0 48
56 75
39 95
76 0
49 34
95 25
56 88
20 43
75 64
35 11
97 10
45 16
57 61
91 96
76 26
39 44
20 97
38 34
88 14
35 51
55 78
80 66
25 5
54 18
54 48
29 76
45 11
40 89
3 40
17 77
4 79
23 22
93 50
4 57
50 85
54 61
29 82
54 19
28 77
89 51
6 72
41 27
96 62
98 9
57 47
31 48
95 56
46 75
54 57
71 73
1 96
67 67
92 66
47 61
55 20
60 24
49 64
70 31
37 94
25 31
51 94
0 2
54 6
65 71
35 77
63 70
6 15
50 9
5 73
33 29
14 36
52 36
85 6
97 30
85 15
38 59
32 40
22 6
95 64
13 86
1 75
25 77
56 89
18 33
14 60
25 62
60 95
16 14
42 62
16 47
7 34
85 20
39 4
38 65
92 44
12 39
60 46
27 38
11 74
79 94
87 63
16 24
88 74
97 35
23 7
62 33
47 64
78 66
88 5
37 52
51 51
40 68
47 85
2 14
67 77
3 67
82 20
58 43
17 60
30 63
5 2
41 84
80 78
90 94
66 60
48 5
36 26
43 35
23 47
75 3
71 82
67 45
4 94
49 26
5 35
49 28
73 73
46 48
10 54
86 68
93 7
47 7
28 96
31 55
76 22
20 69
83 26
90 22
34 95
80 84
29 63
89 31
10 20
30 61
79 93
25 67
59 7
9 64
35 59
16 6
63 93
49 81
15 79
43 46
82 23
14 13
72 2
38 29
17 16
95 8