87 34
17 6
92 18
83 41
0 36
43 16
0 43
73 4
97 37
81 51
74 29
15 82
43 25
43 30
38 50
47 77
41 78
83 14
33 12
47 80
91 27
25 27
60 87
42 39
35 84
59 46
83 59
0 58
18 34
62 67
74 52
3 48
87 64
73 21
59 59
70 84
88 1
58 46
3 87
22 54
81 4
93 53
89 1
93 81
78 24
94 97
48 79
5 38
24 75
38 94
14 20
78 75
13 74
56 81
0 52
54 30
12 8
84 70
57 48
57 86
69 91
41 35
63 71
36 9
94 20
22 26
49 26
40 60
24 18
39 15
43 11
80 26
68 64
85 40
93 34
79 74
18 51
24 21
78 43
11 40
38 47
86 79
29 27
80 84
66 23
45 39
9 42
42 58
10 15
65 98
85 94
14 60
39 46
8 96
1 18
81 80
6 97
76 94
24 1
95 41
83 1
72 70
87 39
65 75
8 65
11 62
77 12
54 42
32 25
39 81
18 82
82 48
40 64
33 10
64 46
33 8
19 24
15 84
21 43
71 98
80 32
87 35
6 19
2 92
43 34
62 97
61 13
22 0
17 24
29 23
6 55
10 60
31 3
42 52
96 69
20 87
53 39
1 84
93 46
41 20
61 39
66 30
83 35
46 6
1 14
66 96
14 48
92 25
22 27
3 3
76 48
95 72
13 73
44 21
12 36
6 69
81 8
60 65
88 79
76 95
56 36
51 82
3 23
73 4
46 75
62 66
42 38
43 13
43 92
16 10
90 24
92 64
8 95
14 6
87 27
35 42
49 7
46 39
96 13
69 89
0 39
73 35
72 38
26 43
63 47
21 94
62 65
5 31
42 85
73 6
8 67
16 19
39 20
16 35
90 3
15 30
23 26
10 50
50 57
90 68
68 70
41 40
5 40
78 82
2 15
96 11
38 62
80 31
22 54
95 52
21 90
51 60
31 90
70 35
55 53
80 84
93 5
36 37
26 75
14 97
40 32
33 75
6 3
90 60
44 77
28 94
60 38
46 77
18 79
8 13
69 42
27 47
33 11
16 32
26 43
5 45
40 96
11 88
57 74
54 28
98 10
90 77
25 84
23 54
57 57
19 45
67 0
28 97
5 84
42 93
86 57
34 1
71 81
54 62
27 57
20 42
25 79
13 58
51 49
22 48
86 60
73 67
24 59
77 39
68 13
82 72
32 59
40 40
75 88
5 43
30 60
27 0
37 75
20 87
86 68
45 55
61 92
6 25
82 66
76 12
3 15
93 14
73 47
9 64
38 71
82 62
43 78
18 26
33 73
29 47
38 89
52 98
66 27
10 38
53 15
57 9
12 91
39 14
65 13
25 89
65 54
49 14
85 82
11 82
74 78
91 9
36 28
72 13
61 94
46 46
36 69
11 22
14 72
49 51
38 3
59 19
47 38
81 83
40 38
12 83
15 26
63 73
23 47
71 82
18 26
52 70
65 78
52 94
42 26
98 13
32 59
44 71
19 71
60 97
46 88
72 23
81 62
30 10
6 37
97 66
1 65
32 12
49 87
52 68
84 85
41 13
38 98
50 55
81 90
54 51
85 73
36 29
52 28
88 3
47 42
87 5
27 32
11 65
27 31
21 30
18 91
12 60
46 58
84 82
11 74
28 15
81 46
79 26
29 2
58 21
98 49
20 42
96 35
85 6
86 84
28 49
68 24
33 93
60 75
81 93
43 6
91 72
13 72
22 79
51 84
36 24
71 0
30 68
70 69
62 11
72 77
94 25
46 77
46 57
13 85
65 52
19 64
76 92
56 47
28 23
12 5
53 2
47 3
77 67
92 63
22 90
12 70
21 64
10 65
26 35
26 64
66 64
18 82
4 7
22 36
11 23
40 39
97 67
24 92
77 42
98 77
63 48
63 74
40 48
43 12
82 89
20 91
96 47
37 87
82 63
97 70
44 55
52 97
49 72
71 53
40 16
87 82
35 48
0 17
1 43
42 55
63 10
53 21
2 48
41 50
29 35
9 13
43 28
32 7
95 65
25 66
75 88
70 65
1 37
56 48
47 19
86 39
21 42
7 34
2 30
94 0
30 21
23 4
7 74
38 7
16 91
21 34
18 74
78 73
39 86
19 64
91 92
2 9
48 69
90 1
21 97
5 64
70 24
36 53
65 65
58 26
97 48
32 54
97 51
21 46
62 32
93 14
11 29
8 37
18 14
55 36
82 37
84 17
86 55
63 92
38 25
8 72
28 91
66 42
60 47