7 17
25 24
9 13
77 5
57 77
4 98
52 8
79 18
67 78
43 96
9 81
64 1
73 45
57 89
9 71
80 69
71 72
21 58
88 85
39 24
95 1
39 75
72 55
65 89
22 7
58 57
43 79
41 24
52 24
49 63
54 87
95 85
96 33
27 78
86 21
28 81
38 18
0 7
42 87
27 18
78 66
67 1
12 22
25 90
31 95
6 63
35 74
69 8
5 53
77 38
27 85
3 1
78 76
18 25
78 33
80 63
96 30
84 86
20 93
72 73
8 35
46 89
14 63
45 63
48 91
2 87
9 87
90 91
63 65
22 35
4 0
12 96
14 41
66 5
89 81
87 10
80 4
30 90
38 13
85 14
31 54
76 86
31 92
54 8
39 91
23 53
70 37
69 7
23 49
74 71
95 40
72 66
3 91
7 5
57 98
53 49
79 8
4 49
23 25
65 21